INSERT INTO ems.pcc (sn,upload_time,device_type,device_name,device_id,`data`) VALUES
	 ('PCC001','2025-08-13 20:58:49','1','pcc','1',[1,5,9,14,13,13,5,19,8,19,6,15,3,2,4,9,14,2,1,14,2,12,5,9,9,2,3,4,12,13,11,10,12,4,14,1,12,14,13,7,9,3,5,14,7,4,8,3,7,13,6,15,4,14,4,8,8,10,9,14,2]),
	 ('PCC001','2025-08-13 20:59:14','1','pcc','1',[1,5,19,3,11,8,4,18,12,6,7,14,20,2,9,13,5,11,8,4,17,15,6,12,10,3,14,8,9,18,7,2,11,13,5,19,6,20,3,12,14,8,7,16,4,10,9,13,18,6,11,5,15,7,8,19,4,2,12,14,9]);


INSERT INTO ems.pcs (sn,upload_time,device_type,device_name,device_id,`data`) VALUES
	 ('N9_PCS','2025-08-13 20:58:49','5','pcs','1',[1,10,18,6,2,11,14,19,7,13,15,20,8,9,3,12,16,5,18,7,10,14,1,6,11,8,19,4,12,15,3,9,20,13,5,17,16,8,14,6,18,7,12,11,4,10,9,13,3,19,2,15,16,8,5,20,14,7,10,11,4,12,9,18,3,17,6,13,15,5,8,20,2,19,10,14,9,4,11,16,3,18,7,12,15,5,20,8,13,19,6,9,10,4,11,16,7,18,12,14,15,8,20,13,5,9,3,19,4,10,11,16,7,12,14,8,18,20,5,9,6,13,15,4,19,10,7,12,8,11,16,14,3,18,5,20,9,13,15,6,4,19,7,10,11,8,14,12,16,3,18,5,9,20,6,13,15,4,19,7,10,11,14,8,12,16,9,18,20,5,3,13,15,4,19,6,7,10,11,8,14,12,16,18,9,20,3,5,13,4,15,19,7,10,8,11,14,12,16,6,18,9,20,5,3,13,4,19,15,7,10,8,11,14,12,16,6,18,9,20,3,5,4,13,19,15,7,10,8,11,14,12,16,6,18,9,20]),
	 ('N9_PCS','2025-08-13 20:59:14','5','pcs','1',[1,7,13,2,16,11,5,9,4,14,19,1,12,8,20,6,3,15,17,10,9,4,12,18,7,11,5,13,16,8,19,6,20,2,3,14,15,10,4,18,7,13,11,5,12,9,16,8,6,19,20,14,3,2,15,17,10,7,12,18,11,4,9,5,13,8,16,19,6,20,14,2,3,15,10,17,18,7,11,9,12,4,8,5,16,6,13,19,20,14,3,2,15,10,7,18,12,11,4,5,8,16,19,6,13,20,14,3,2,15,10,7,9,18,12,11,4,8,5,19,6,16,13,20,14,3,15,2,10,7,12,18,9,11,8,4,5,19,6,16,13,20,14,3,2,10,7,15,12,18,11,9,8,4,5,19,16,6,13,20,14,3,2,10,7,15,18,12,11,8,9,4,5,19,16,6,13,20,14,3,2,10,7,15,12,18,11,8,4,5,19,16,6,13,20,14,3,10,2,7,15,18,12,11,8,9,4,5,19,16,6,13,20,14,3,2,10,7,15,12,18,11,8,4,5,19,16,6,13,20,14,3,2,10,7,15,18,12,11,8,9,4,5,19,16,6,13,20]);

INSERT INTO ems.bsu (sn,upload_time,device_type,device_name,device_id,`data`) VALUES
	 ('duikong01','2025-08-13 20:58:49','3','duikong','1',[1,5,12,3,19,7,11,14,4,16,9,8,20,2,13,6,10,15,1,17,12,8,14,9,19,4,11,3,16,5,7,18,2,20,13,10,6,8,15,1,12,14,9,11,19,4,7,18,5,16,3,20,2,13,6,10,15,8,12,17,4,11,9,19,14,7,3,16,18,2,20,10,5,6,13,15,12,8,4,11,7,19,3,9,18,14,16,2,20,5,10,13,6,15,12,8,11,9,7,4]),
	 ('duikong01','2025-08-13 20:59:14','3','duikong','1',[1,15,4,18,10,19,2,13,9,6,16,8,3,14,11,5,20,12,1,17,8,10,14,6,19,13,2,16,4,7,18,11,3,15,12,20,5,9,17,1,13,8,10,4,6,19,14,3,18,11,2,16,7,5,20,12,9,15,1,17,10,8,13,4,19,6,14,2,11,18,3,7,16,20,5,9,12,15,17,1,8,10,6,14,4,13,19,2,11,18,7,16,3,12,20,5,15,9,1,17]);
